===========================================
CVYOPT : 100 solutions, NO MAX RISK LIMIT |
===========================================

sparsity(portfolios, 1e-8)
array([ 332.,  332.,  332.,  332.,  332.,  332.,  332.,  332.,  332.,
        332.,  332.,  332.,  332.,  332.,  330.,  332.,  332.,  332.,
        332.,  332.,  332.,  332.,  331.,  130.,   35.,   13.,  332.,
          8.,  332.,    9.,  332.,    7.,    6.,  332.,   99.,    6.,
          3.,    5.,    3.,    2.,    2.,    2.,    2.,    2.,    2.,
          2.,    2.,    2.,    2.,    2.,    2.,    2.,    2.,    2.,
          2.,    2.,    2.,    2.,    2.,    4.,    2.,    2.,    2.,
          2.,    2.,    2.,    2.,    2.,    2.,    2.,    2.,    2.,
          2.,  332.,    2.,    2.,    2.,    2.,    2.,    2.,    2.,
          2.,    2.,    2.,    1.,    2.,    2.,    2.,    1.,    2.,
          1.,    1.,    2.,    1.,    1.,    2.,    2.,    2.,    2.,    2.])
mean = 97.329999999999998

sparsity(portfolios, 1e-7)
array([ 330.,  107.,  332.,  208.,  332.,  332.,  164.,  332.,   79.,
        332.,   84.,  332.,   21.,   19.,   15.,   29.,  331.,  331.,
        332.,   20.,   74.,   12.,   10.,    9.,    7.,    7.,    8.,
          7.,    8.,    7.,    7.,    5.,    5.,    7.,    3.,    3.,
          3.,    3.,    2.,    2.,    2.,    2.,    2.,    2.,    2.,
          2.,    2.,    2.,    2.,    2.,    2.,    2.,    2.,    2.,
          2.,    2.,    2.,    2.,    2.,    2.,    2.,    2.,    2.,
          2.,    2.,    2.,    2.,    2.,    2.,    2.,    2.,    2.,
          2.,    2.,    2.,    2.,    2.,    2.,    2.,    2.,    2.,
          2.,    2.,    2.,    1.,    2.,    2.,    2.,    1.,    1.,
          1.,    1.,    1.,    1.,    1.,    1.,    1.,    1.,    1.,    1.])
mean = 43.579999999999998

sparsity(portfolios, 1e-3)
array([ 31.,  30.,  30.,  28.,  26.,  23.,  22.,  23.,  20.,  17.,  16.,
        14.,  13.,  11.,  10.,  10.,   8.,   8.,   8.,   8.,   8.,   6.,
         6.,   6.,   7.,   7.,   7.,   7.,   7.,   6.,   6.,   5.,   5.,
         3.,   3.,   3.,   3.,   2.,   2.,   2.,   2.,   2.,   2.,   2.,
         2.,   2.,   2.,   2.,   2.,   2.,   2.,   2.,   2.,   2.,   2.,
         2.,   2.,   2.,   2.,   2.,   2.,   2.,   2.,   2.,   2.,   2.,
         2.,   2.,   2.,   2.,   2.,   2.,   2.,   2.,   2.,   2.,   2.,
         2.,   2.,   2.,   2.,   2.,   2.,   2.,   1.,   1.,   1.,   1.,
         1.,   1.,   1.,   1.,   1.,   1.,   1.,   1.,   1.,   1.,   1.,
         1.])
mean  = 5.6100000000000003

======================================
CVYOPT : 100 solutions, MAX RISK 0.5 |
======================================

sparsity(portfolios_, 1e-8)
array([ 332.,  332.,  332.,  332.,  332.,  332.,  332.,  332.,  332.,
        332.,  332.,  332.,  332.,  332.,  332.,  332.,  332.,  332.,
        332.,  332.,  332.,  332.,  332.,  332.,  332.,  332.,  332.,
        332.,  332.,  332.,  332.,  332.,  332.,  332.,  332.,  332.,
        332.,  332.,  332.,  332.,  332.,  332.,  332.,  332.,  332.,
        332.,  332.,  332.,  332.,  332.,  332.,  332.,  332.,  332.,
        332.,  332.,  332.,  326.,  328.,  332.,  331.,  332.,  332.,
        332.,  332.,  332.,  332.,  332.,  332.,  332.,  332.,  332.,
        332.,  332.,  332.,  332.,  332.,  332.,  332.,  332.,  332.,
        332.,  332.,  332.,  332.,  332.,  332.,  330.,  233.,  331.,
        156.,  311.,  325.,  328.,  330.,  330.,  330.,  330.,  330.,  330.])

mean = 328.67000000000002

sparsity(portfolios_, 1e-7)
array([ 332.,  332.,  332.,  332.,  332.,  332.,  332.,  332.,  332.,
        329.,  332.,  332.,  332.,  332.,  332.,  332.,  332.,  328.,
        284.,  330.,  332.,  332.,  246.,  332.,  332.,  313.,  204.,
        265.,  332.,  332.,  332.,  320.,  332.,  332.,  332.,  332.,
        330.,  332.,  302.,  143.,   64.,   45.,   39.,  332.,  332.,
        332.,   39.,  149.,  325.,   98.,   49.,  226.,   75.,  319.,
         45.,  332.,  332.,   30.,   28.,  332.,   32.,   98.,   98.,
         37.,  332.,  318.,  326.,  332.,  332.,  332.,  332.,  332.,
        332.,  332.,  332.,  332.,  332.,  332.,   27.,   34.,   44.,
        222.,  328.,  328.,  193.,   33.,   19.,   16.,   15.,   18.,
         16.,   17.,   17.,   16.,   16.,   16.,   16.,   16.,   15.,   15.])
mean = 225.43000000000001

sparsity(portfolios_, 1e-6)
array([ 321.,  332.,  332.,  236.,  263.,  113.,  286.,  287.,  324.,
         96.,   98.,  308.,  332.,  208.,  177.,  309.,  313.,   70.,
         56.,   75.,  278.,  332.,   41.,  135.,  148.,   39.,   34.,
         35.,  330.,  283.,  107.,   42.,  101.,  135.,   81.,   54.,
         42.,  330.,   36.,   35.,   28.,   28.,   27.,  270.,  133.,
         93.,   24.,   28.,   32.,   26.,   24.,   25.,   24.,   30.,
         23.,  311.,  314.,   22.,   20.,   93.,   18.,   19.,   18.,
         18.,   46.,   26.,   26.,   32.,   36.,   41.,   40.,   33.,
         36.,   37.,   38.,   49.,   54.,   51.,   15.,   15.,   15.,
         15.,   17.,   17.,   15.,   15.,   14.,   14.,   14.,   14.,
         14.,   14.,   13.,   13.,   12.,   12.,   12.,   12.,   12.,   12.])
mean = 96.530000000000001

sparsity(portfolios_, 1e-5)
array([  68.,  268.,  131.,   69.,   71.,   63.,   85.,   82.,   90.,
         56.,   54.,   80.,  136.,   60.,   54.,   65.,   67.,   43.,
         42.,   42.,   49.,   80.,   33.,   35.,   35.,   33.,   31.,
         31.,   43.,   35.,   35.,   33.,   34.,   34.,   34.,   32.,
         30.,   38.,   28.,   26.,   25.,   25.,   24.,   32.,   28.,
         27.,   24.,   24.,   24.,   24.,   23.,   22.,   22.,   22.,
         22.,   32.,   30.,   18.,   18.,   23.,   17.,   17.,   17.,
         17.,   18.,   18.,   18.,   18.,   18.,   18.,   18.,   18.,
         18.,   18.,   16.,   17.,   17.,   17.,   15.,   15.,   15.,
         15.,   15.,   14.,   14.,   14.,   12.,   12.,   12.,   12.,
         12.,   12.,   12.,   12.,   12.,   11.,   11.,   11.,   11.,   11.])
mean = 34.390000000000001

sparsity(portfolios_, 1e-3)
array([ 43.,  47.,  46.,  46.,  49.,  49.,  47.,  47.,  47.,  44.,  45.,
        46.,  42.,  41.,  39.,  38.,  37.,  34.,  32.,  31.,  31.,  30.,
        30.,  30.,  30.,  29.,  29.,  28.,  28.,  28.,  27.,  26.,  26.,
        25.,  23.,  23.,  23.,  24.,  23.,  22.,  22.,  22.,  22.,  23.,
        23.,  22.,  21.,  21.,  20.,  20.,  20.,  20.,  19.,  18.,  18.,
        17.,  16.,  16.,  16.,  16.,  16.,  16.,  16.,  16.,  16.,  16.,
        14.,  14.,  14.,  14.,  14.,  14.,  14.,  14.,  14.,  14.,  14.,
        13.,  13.,  13.,  13.,  12.,  11.,  11.,  11.,  11.,  11.,  11.,
        11.,  11.,  11.,  10.,  10.,  10.,  10.,  10.,  10.,  10.,  10.,
        10.])
mean = 22.800000000000001
